1467
1497
1564
1642
1476
1524
58672
29437
13207
16850
78251
97386
54290
61450
36570
98643
12894
89056
91372
74956
57064
70612
51397
50263
7651
73162
94876
86054
47926
68954
87564
23910
97542
18207
32401
18542
2497
46920
68192
64072
32904
18732
24836
34261
9786
60823
86357
48352
68452
49826
73601
76092
64891
42580
73526
6123
75142
79615
84362
45062
91756
89362
42903
5213
43275
95176
49260
83745
83954
56803
85067
60724
7652
23897
48315
16234
13726
56280
49176
92683
98035
27861
18674
54093
94216
63490
10234
93857
78092
57286
64571
37405
79081
9723
41896
83726
82760
89571
3987
48956
49201
45093
38674
19230
17845
92014
72310
98473
8567
84652
17904
63491
7392
35146
17935
48570
17096
34762
81647
95413
19873
31592
37950
9812
52680
86423
34905
12980
76492
19264
59814
6594
23941
14732
64357
8361
28356
35916
30216
87904
34807
43976
45893
37821
98621
69875
51926
51396
35627
98015
71023
51934
58012
27510
30941
19257
29035
36927
95813
92640
65281
8346
6432
58317
49307
96027
69743
27053
3485
2697
94051
58601
54176
5827
93520
20846
65387
73964
78542
63582
36792
16803
7934
75912
38097
37640
43897
85642
40397
48160
96145
58976
78495
68045
25940
35806
21036
26590
62150
71094
20396
19682
20975
9436
5296
52190
93712
91625
63187
9657
95326
5824
92846
16903
53062
27803
63410
39170
36812
26375
90573
20146
40651
63845
45931
10263
32586
31025
13046
65320
84521
10453
65432
38654
6482
27835
20685
30675
56071
34710
46872
82761
82156
9273
42185
27891
47015
6874
38410
47596
73924
64753
45601
68324
50491
60982
87065
48306
41860
64287
46837
54891
8793
58321
94236
35607
18730
56741
90351
42897
69584
57913
54962
35017
98124
28731
41853
4163
48396
72654
58471
80276
75134
40592
94026
52863
96071
62435
12570
17536
35896
57893
21604
48517
7935
19532
71392
49327
50471
59402
25683
8962
58703
6987
96037
84265
5736
43857
96183
1823
39704
4256
28397
20163
20317
52130
51367
94350
64821
54301
1835
39870
26315
10372
23467
58361
72915
14685
49832
65237
27864
75023
24891
8241
38490
9385
61780
26073
38271
75410
85034
92845
81497
76341
67384
39862
84927
36524
3275
31465
60317
49165
65012
97510
64320
10256
32174
7293
58204
85213
59317
45207
50486
32160
36540
54812
83201
34216
75841
26973
63871
32017
34206
58740
92876
67014
98714
51763
39504
56470
71462
85204
17430
74930
75216
23074
65371
7852
78395
74235
4263
23815
14037
81257
83024
97361
48703
41907
20485
36497
80957
70264
97810
3875
60985
49685
90126
14083
75481
80576
9315
26184
59837
78132
71230
72640
10732
20567
57203
51683
87425
34671
59864
63451
98427
79036
41537
84563
94132
63105
87340
62791
26741
93410
39640
81092
93687
5743
89245
80265
18524
98032
12063
32841
72094
21063
15093
79624
38105
68913
67193
14632
97610
15920
82693
79305
29013
96510
96470
35890
36895
41680
97162
23401
97502
35614
24357
94850
5483
72936
56290
48751
89726
83740
20195
52780
84620
91724
7615
89423
6714
15236
51973
92187
20956
5984
48760
62751
90847
51892
98072
67183
14906
56792
85472
9376
71634
38071
12096
8462
87403
52706
76592
43815
2764
18935
14802
35910
62417
92637
13470
61820
56082
87413
37021
35924
64017
65301
89152
24931
84673
85923
23154
86135
9154
32765
50674
54697
59012
69012
52486
8695
67031
2967
19547
63804
24907
51943
10765
25013
76402
30851
21704
82763
74386
32867
80196
95814
91064
25461
7523
19647
94021
34876
5476
87094
71360
70196
84970
23476
72604
10693
39214
7836
94162
8126
