82437
9863
74350
89425
76092
62504
78251
64072
68257
89430
27635
41296
64891
83946
42580
74013
91763
86357
73526
61085
6123
49826
25061
39076
8291
83675
38047
7382
75142
63175
48792
32415
78156
63280
51306
96250
79615
41796
84362
46920
47263
29437
87034
95640
79085
19243
47103
78612
58672
6723
91405
47183
30586
45062
7653
68192
28017
74906
40982
91756
48236
89362
1967
42903
5213
43275
50984
20861
95176
68127
49260
39827
1796
17265
36201
16850
10785
48296
73601
98720
83745
83954
5316
7351
92435
48352
69032
56803
95806
16405
68452
85067
54231
13207
42361
70413
10832
91253
78945
49521
17350
26530
64281
86450
12684
23541
60724
58213
23014
9426
14602
4583
64813
7652
23897
8691
48315
16234
4582
23694
18462
13726
52710
18406
65234
56280
6243
49176
45283
94152
89607
67350
79316
60345
57280
92683
98035
82507
93875
87526
45326
27861
18674
54093
76854
42036
32960
21640
53476
98637
89532
31042
85317
95402
94216
47831
40862
63490
16904
10234
95371
24836
4563
93857
98632
60823
78092
57286
76023
59287
64571
24973
73842
59401
51482
84395
63915
82591
25193
90162
16592
87692
50962
71253
10956
36810
37405
7915
95072
87390
79081
70543
87532
9723
98026
32605
51890
41896
63547
83726
82760
89571
23197
67593
3987
68394
81970
48956
13407
3267
61597
49201
86025
41602
45093
85912
98340
40316
38674
45871
85471
19672
50126
19230
12536
65071
92837
61792
17845
19587
92014
72310
39580
49372
61497
92783
49531
64735
26537
53426
5792
98473
69403
90382
30571
58716
60175
84316
63097
78321
78956
8567
84652
17904
38765
16042
48326
12785
7451
93820
63491
3765
18430
62031
87391
7392
87013
74813
32564
35146
98721
20413
17935
41527
48570
1627
17096
98374
84517
34762
20831
39762
81647
41930
73825
39074
27654
84092
59781
95413
3125
94803
93284
98143
19873
17036
12934
31592
75310
12350
79504
72016
94762
74810
79340
42875
41283
91870
27063
37950
9812
52680
86423
63792
75406
28564
39274
34905
12980
72980
76492
19264
59814
6594
62513
34502
60972
23941
14732
29364
15023
64357
84032
28541
82057
23876
43125
70326
34261
8361
28356
69273
49052
29473
69731
35916
30216
7816
7284
5694
87904
34807
43976
45893
41967
94163
60897
37821
98621
93810
8426
30264
8697
69875
52410
51926
36592
73140
32071
32945
28543
20316
51396
61385
26754
12703
80314
35627
14890
98015
71023
38602
95203
51934
92810
23105
2436
92074
54316
79810
58012
27510
29847
65803
23685
30941
10647
19257
29035
49306
42530
36927
56307
74103
26457
71805
84730
47063
41257
14673
75926
9316
49315
95813
92640
59420
52786
65281
75416
47935
93254
52084
8346
19870
86490
4165
16745
59482
59214
9216
61074
28916
38652
70234
60281
6432
38120
19840
84270
4796
58317
49307
96027
89476
69743
27845
27053
3526
59120
26785
68927
30765
75183
75631
3485
54137
4932
16375
94681
45270
81067
2697
58260
94051
85061
65347
58601
28364
54176
5827
29857
95027
93520
43627
51024
74105
20846
65387
19423
73964
7832
93162
78542
73254
84372
18067
12845
18054
60435
60597
96432
63582
97615
36792
76490
10697
16803
75396
9786
72096
46201
76012
26437
85071
21683
8215
2451
23967
10397
37891
40327
7934
75912
51962
70641
32604
38097
12690
4785
28967
3527
37640
32761
51920
13947
43897
6827
85642
71824
70394
40397
29481
48160
96145
32904
52187
58976
62917
61924
60834
38917
98541
42960
83925
78495
72481
68045
25940
15230
35806
21036
26590
79132
49782
95647
82731
84203
2683
62150
59827
78643
72054
75240
17562
93526
6731
71965
89241
49865
21584
37095
24850
73592
71094
49237
42103
18732
36852
2183
81746
50416
23597
73092
49873
20396
96174
25684
70293
57086
34965
30495
19682
52916
70341
21654
20975
89173
48957
48302
53712
9436
5296
19560
5346
48965
28053
63152
52190
93712
82473
75981
13724
91625
73820
93027
37502
63187
9657
75193
9176
43087
95326
5824
92846
92385
16573
16903
1734
78351
75832
53062
27803
72095
91827
63410
58706
65312
91052
25706
16487
63104
9785
1467
18274
2165
76582
32674
39170
21056
31690
36812
63572
81304
89014
89267
86123
94031
82973
9384
26375
74953
90573
20146
81705
64957
3271
20971
71906
64721
93086
56721
70612
40651
98457
54276
14675
6392
63520
57302
51903
30456
10857
31450
20165
46807
59682
48052
61742
30257
19430
98103
63845
53206
70426
72984
81036
42685
14082
24630
72981
82461
3276
32714
48710
1842
45931
10263
41782
32586
16952
15937
71583
28437
31025
13046
65320
84521
10453
7285
65432
83607
41057
7436
12793
38654
6482
52617
35167
95783
9324
49671
96583
13906
54102
59817
98573
35602
93081
84172
76584
29476
15062
64825
36197
75063
95081
85714
91764
75816
78913
29387
18207
7325
27835
71325
54130
20685
89264
68745
96420
28395
39102
73056
50146
70125
18650
7496
30675
56071
56841
81950
92870
54672
6845
50931
24875
51680
34710
76253
42391
32591
30714
46872
75086
46150
25093
2876
82761
82156
47982
9273
42185
75241
46217
61732
27891
31902
47015
67205
79652
98154
42175
93126
98163
39420
51693
15726
98643
35264
6537
6874
89743
53980
85710
38410
37296
23746
47596
73924
79302
25107
62843
76405
64753
34862
45601
40813
68324
62510
59784
70592
29140
50491
93042
60982
87065
58130
95817
8415
78560
71942
43206
91065
90214
97314
37984
18597
48306
74206
14086
39741
46302
25687
41860
94106
64287
46837
32015
70623
54891
32416
80451
71586
8793
69713
58321
31287
78902
95812
94236
91482
56917
58417
58176
30247
50964
71905
28637
35607
18730
65914
23564
49087
93506
78492
30412
27385
93246
42953
64027
69024
49630
56741
95317
98463
67180
4782
5972
80251
64780
36570
90351
78924
8254
14067
36187
87625
34786
97250
14397
42897
75614
27905
69584
4295
56231
89061
69237
98561
57913
40632
54962
97415
47926
35017
98124
26153
85147
92614
78631
28731
41853
5273
82346
93502
53821
76214
4163
63920
75624
31847
75230
97403
48396
48276
37580
72654
29587
96857
61093
30286
58471
86054
80276
79864
21836
75134
40592
94026
12093
45037
97465
34165
56310
53817
82014
81673
52863
51397
96071
17623
84327
62435
12570
17536
51964
29630
97501
57193
30582
35896
57893
64925
16783
86354
51376
53182
27056
21604
98670
2497
48517
34927
10682
27153
7582
7935
83794
41087
20673
98530
38546
8637
75960
28756
93610
70132
19532
1497
71392
91042
49327
25807
50471
24576
97413
30782
62357
59402
38790
25683
8962
23576
70123
98574
84295
65380
58703
37895
28154
19540
1247
75290
6987
96037
68731
78563
71834
1264
35087
84265
87241
82134
96874
5736
43857
34057
73561
70136
25063
74520
94357
49075
19256
34726
96183
17905
85346
56723
9156
82310
1823
70296
61450
17956
61532
57094
15824
56942
91423
39704
98716
4256
86401
79612
26183
28397
67051
20163
36420
29513
65981
20317
7594
52130
45912
42816
43792
51367
15694
84013
94350
78094
91627
54691
59217
49173
64821
97542
34620
54301
12953
21385
1835
38697
39870
26315
94617
29056
75934
86207
29380
8345
52931
76495
41652
10372
23467
32051
71503
58361
17234
3124
73251
24730
72915
14685
49832
62854
12576
76354
65237
84532
27864
74152
75023
24891
8241
29075
93521
38490
74326
59467
9385
80154
61780
53486
9624
54602
6842
34075
25713
51283
26073
80123
38271
80932
42691
81976
75410
93841
85034
69530
92845
72145
81497
70925
4162
3794
78634
15690
69305
76341
85324
91075
24751
2917
37902
67384
96570
29485
73806
21973
39862
74825
21083
84927
45316
36524
3275
31465
96325
60317
49165
50372
90574
90534
12054
65012
36821
69410
97510
13964
45723
43721
64320
10256
32174
6127
7293
39285
80972
24653
71593
58204
24781
85213
58924
59317
83271
43207
45207
50486
32160
45831
81724
80134
36540
54812
85146
14362
98057
74312
52796
98016
58036
81043
81625
91840
9875
50614
2315
92514
72164
83201
34216
94287
4397
38465
72816
39852
75841
26973
63871
1763
8375
4923
10483
86194
21904
18542
46580
1472
57693
74631
32017
39765
36185
83415
64805
28451
82541
80765
1972
56910
70194
96073
34206
74892
94783
92167
94065
78925
70281
30745
57064
12890
58740
56931
43680
92710
82531
35794
92876
67014
34097
14837
98067
98714
51763
7851
70845
39504
62580
19027
31495
56470
25397
29506
17850
23456
71462
71320
61347
92056
18942
85204
76534
17430
84271
67953
70346
57681
74930
86947
50867
91654
47032
57183
93057
73965
61580
75216
78014
23074
30687
70562
84527
94083
53420
48705
86730
73480
19630
65371
68527
17523
82765
46732
5372
7852
78395
80156
40726
56821
80256
74235
37802
3285
4263
73154
48625
23815
73910
21963
6584
14037
80567
81257
83024
54981
64520
24061
60931
54917
42015
2841
61297
75846
78205
24607
97361
63217
18593
54190
82743
76293
48703
41907
28067
21387
97386
4861
58947
6824
20485
24580
97426
35182
3185
30872
98245
65231
92086
36497
89056
80957
74351
89612
57103
94732
69140
70264
34190
5976
14092
5784
97810
61952
61702
49752
17392
1476
3875
82540
18926
23745
60985
85026
35480
35691
5941
49685
48216
64593
90126
42896
83560
24835
21453
14083
18963
75481
65124
80576
37256
53102
91754
30462
91647
18594
57812
95821
54670
8196
84502
28175
9315
26184
59837
45987
54761
90756
78132
27163
71230
70561
20615
74612
94720
80347
72640
78591
36470
10732
25401
51864
31294
20567
24130
63581
27514
38157
71263
57203
84790
96081
96507
30465
51683
35460
87425
87351
2435
49157
48320
86530
24810
54290
34671
59864
3241
53694
63451
80965
8276
30957
98427
79036
47615
72946
41537
38720
84563
82150
46315
94132
15872
63105
83972
87340
62791
69081
27365
34157
37105
7853
47031
17230
43015
23754
8563
26803
65207
6194
26741
46021
17345
47286
83650
80742
23940
86701
93410
2956
19324
75693
70984
3172
46137
82940
48307
39640
80173
93471
1892
48203
59701
89356
6952
1736
25376
2613
80614
5436
25384
70541
81092
90817
39145
7651
93687
65183
5743
91486
43560
89245
36872
35096
54931
80265
6175
18290
32806
5863
18524
98032
12063
38927
24567
17420
23910
62354
32841
35902
41830
72094
21063
15093
95780
79624
37862
38105
72680
56417
49387
68913
58974
67193
68592
54376
5297
7215
76923
65273
20671
14632
97610
36571
85721
58023
63201
26750
15920
76920
87260
82693
79305
73045
24975
20814
29013
58301
96510
36175
72893
14852
78465
96470
35890
46785
14893
17453
36895
50473
68954
6875
76815
51647
89475
56401
41680
50236
2543
97162
53962
90846
58476
61480
65704
67810
48612
23401
51624
1564
97502
98357
35614
67143
28046
54720
98157
64532
24357
51630
23954
94850
12936
5483
72936
96475
36095
16920
12607
10436
47521
20745
75182
7634
56290
45396
27934
78592
48751
39416
71430
26307
37965
50341
89726
83740
86172
59047
8176
40821
20195
52780
84620
32576
10752
91724
91765
91537
7615
45291
92185
12754
85126
91372
67892
89423
62147
30241
2317
89367
7965
97210
38942
1975
6714
15236
65824
32150
53714
34186
43190
85413
32947
41983
50263
41856
35917
29635
26987
51973
92187
34825
20956
5984
43952
59346
48760
62751
71046
12750
74956
5726
34072
76910
16254
3715
90847
51892
13086
67504
98072
24650
45126
67183
48096
95846
14906
1524
12675
89326
9283
56792
46952
86254
74126
89137
63941
35482
87594
23841
85472
64901
60971
27914
86540
9376
71634
76924
78031
97836
3472
60937
38071
72801
12096
28051
8462
79823
74650
87403
28614
34091
83756
4185
19426
52706
49153
76592
37504
53740
24165
89542
43815
2764
54613
96872
18935
93867
63412
97623
39106
83246
52340
65703
39287
10524
25904
58473
14802
35910
62417
92637
96873
13470
61820
49105
81536
56082
56281
87413
37021
60132
67394
43956
84370
35924
24593
24851
45023
95712
16054
79605
61590
26835
64017
86594
34971
70496
59046
65301
37426
27986
63092
92571
89152
97814
47053
32140
83074
24931
57831
84673
24586
10852
85923
29357
40567
23154
70624
53096
62804
86135
9154
32765
50674
54697
59012
1642
69012
34806
52486
18052
31097
12894
30182
36415
48173
8695
28043
40385
83295
75123
3927
47051
67031
38210
2967
68213
19547
30162
19427
74215
98726
51407
96402
72084
63804
24907
67543
87296
51943
17493
53194
32401
74502
19753
80591
10765
78964
29475
13945
19362
25013
98531
2975
50461
75192
87564
59064
91027
78450
76402
82673
30851
98241
13426
21704
70423
71826
82763
94602
30816
29416
74386
32867
42307
80196
23164
43817
54713
35016
71963
83624
95814
25693
67402
80792
24713
91064
25461
69813
7523
19647
94021
37180
87925
40621
52970
12376
85901
95264
40561
94876
96452
65187
34876
92413
50273
5476
87094
83140
58917
43695
5376
41623
72641
71360
23501
70196
92370
84970
23476
72604
10693
67580
86543
37601
73162
80976
79850
39214
42865
15806
78402
30156
60214
7836
10463
9814
93245
94162
95031
62713
8126
47830
